target0: [0.967378, 0.875098, 0.207131]
target1: [0.989000, 0.824142, 0.186153]
target2: [1.011000, 0.823692, 0.184901]
target3: [1.033612, 0.825447, 0.181118]
target4: [0.970258, 0.889030, 0.217707]